10,137
10,186
10,216
10,165
10,68
10,84
10,290
10,161
11,9
11,10
11,14
11,6
11,4
11,7
8,18
8,9
8,5
8,10
52,4
52,3
52,2
52,1
52,0
51,3
51,2
51,1
51,0
50,3
50,2
50,1
50,0
49,4
49,3
49,2
49,1
49,0
48,4
48,3
48,2
48,1
48,0
46,5
46,4
46,3
46,2
46,1
46,0
43,5
43,4
43,3
43,2
43,1
43,0
41,5
41,4
41,1
41,3
29,3
29,1
20,3
20,2
20,1
19,3
19,2
19,1
12,3
12,2
12,1
11,30
11,29
11,20
11,18
11,17
11,13
11,5
11,3
11,2
11,1
10,312
10,295
10,245
10,185
10,144
18,1
10,126
18,3
10,24
10,14
10,3
10,2
10,1
14,1
9,7
9,5
14,3
9,3
13,1
9,2
13,3
9,1
8,17
